#X,Y,WINDING
223,2.233162e+02,550,5.503117e+02,1
226,2.261811e+02,497,4.976978e+02,1
229,2.293696e+02,445,4.457486e+02,1
236,2.364693e+02,577,5.775796e+02,1
240,2.402029e+02,524,5.249341e+02,1
243,2.430375e+02,472,4.728369e+02,1
246,2.461185e+02,420,4.205144e+02,1
250,2.504239e+02,604,6.044238e+02,1
253,2.534644e+02,552,5.523351e+02,1
256,2.566115e+02,499,4.997893e+02,1
259,2.594163e+02,447,4.475220e+02,1
262,2.629138e+02,395,3.955611e+02,1
263,2.639117e+02,631,6.319551e+02,1
267,2.673173e+02,579,5.790916e+02,1
270,2.701448e+02,526,5.269651e+02,1
273,2.732301e+02,474,4.745313e+02,1
276,2.763146e+02,422,4.223274e+02,1
277,2.773393e+02,658,6.586914e+02,1
279,2.795226e+02,369,3.696776e+02,1
280,2.806584e+02,606,6.064884e+02,1
283,2.836813e+02,553,5.536827e+02,1
286,2.865540e+02,501,5.018230e+02,1
289,2.898290e+02,449,4.492992e+02,1
291,2.908302e+02,685,6.855026e+02,1
293,2.934028e+02,396,3.970197e+02,1
294,2.942518e+02,633,6.332620e+02,1
296,2.961534e+02,344,3.447689e+02,1
297,2.975154e+02,581,5.811520e+02,1
300,3.002147e+02,528,5.286569e+02,1
303,3.034402e+02,476,4.764608e+02,1
304,3.046394e+02,712,7.133277e+02,1
306,3.065927e+02,423,4.236983e+02,1
307,3.076778e+02,660,6.604869e+02,1
309,3.094826e+02,371,3.716091e+02,1
310,3.107231e+02,608,6.085060e+02,1
312,3.127098e+02,319,3.193551e+02,1
313,3.139040e+02,555,5.558899e+02,1
316,3.165993e+02,503,5.035068e+02,1
320,3.202621e+02,451,4.510917e+02,1
321,3.212961e+02,687,6.875104e+02,1
323,3.232477e+02,398,3.987455e+02,1
324,3.244792e+02,635,6.352389e+02,1
326,3.261788e+02,346,3.464034e+02,1
327,3.272471e+02,582,5.830100e+02,1
329,3.292246e+02,293,2.935698e+02,1
330,3.304719e+02,530,5.304932e+02,1
333,3.335251e+02,478,4.783271e+02,1
334,3.346146e+02,714,7.147828e+02,1
336,3.366494e+02,425,4.257682e+02,1
337,3.379799e+02,662,6.625136e+02,1
339,3.396316e+02,373,3.733364e+02,1
340,3.410413e+02,609,6.097349e+02,1
342,3.424709e+02,320,3.207084e+02,1
343,3.437832e+02,557,5.578606e+02,1
347,3.472329e+02,505,5.051532e+02,1
348,3.484633e+02,741,7.417200e+02,1
350,3.502787e+02,452,4.528540e+02,1
351,3.514952e+02,689,6.894222e+02,1
353,3.533299e+02,400,4.004838e+02,1
354,3.546965e+02,637,6.372064e+02,1
356,3.563169e+02,347,3.476919e+02,1
357,3.574042e+02,584,5.846522e+02,1
359,3.593961e+02,295,2.954121e+02,1
360,3.606283e+02,532,5.324329e+02,1
363,3.637700e+02,479,4.797796e+02,1
365,3.650070e+02,716,7.163301e+02,1
366,3.666126e+02,427,4.275633e+02,1
368,3.683097e+02,664,6.639293e+02,1
369,3.700145e+02,375,3.752076e+02,1
371,3.709219e+02,611,6.115629e+02,1
372,3.727252e+02,322,3.224314e+02,1
374,3.741815e+02,559,5.592813e+02,1
375,3.756169e+02,270,2.703250e+02,1
377,3.773110e+02,506,5.070448e+02,1
378,3.786716e+02,743,7.436543e+02,1
380,3.803503e+02,454,4.545601e+02,1
381,3.817606e+02,691,6.912215e+02,1
383,3.834198e+02,402,4.022578e+02,1
384,3.844495e+02,638,6.389646e+02,1
386,3.865056e+02,349,3.495428e+02,1
387,3.876613e+02,586,5.864839e+02,1
389,3.894619e+02,297,2.972445e+02,1
390,3.906875e+02,534,5.342504e+02,1
392,3.926825e+02,244,2.447977e+02,1
392,3.923464e+02,770,7.706076e+02,1
393,3.937599e+02,481,4.817279e+02,1
395,3.953318e+02,718,7.181664e+02,1
396,3.968121e+02,429,4.292196e+02,1
398,3.979701e+02,665,6.657406e+02,1
400,4.003578e+02,376,3.767284e+02,1
401,4.012043e+02,613,6.134253e+02,1
402,4.029859e+02,324,3.244620e+02,1
404,4.043732e+02,561,5.611110e+02,1
405,4.057113e+02,272,2.718783e+02,1
407,4.073112e+02,508,5.087071e+02,1
408,4.087716e+02,745,7.452996e+02,1
410,4.104825e+02,456,4.563310e+02,1
411,4.117468e+02,692,6.932823e+02,1
413,4.135287e+02,403,4.036492e+02,1
414,4.147448e+02,640,6.405594e+02,1
416,4.165445e+02,351,3.513962e+02,1
417,4.177810e+02,588,5.883528e+02,1
419,4.197737e+02,298,2.988567e+02,1
420,4.208636e+02,535,5.357849e+02,1
422,4.224726e+02,246,2.465264e+02,1
422,4.227735e+02,772,7.724595e+02,1
423,4.237860e+02,483,4.834266e+02,1
425,4.253278e+02,719,7.199090e+02,1
427,4.272604e+02,430,4.307855e+02,1
428,4.283485e+02,667,6.675563e+02,1
430,4.302729e+02,378,3.785041e+02,1
431,4.314217e+02,615,6.152063e+02,1
433,4.331072e+02,326,3.261612e+02,1
434,4.342993e+02,562,5.628905e+02,1
436,4.361258e+02,273,2.737416e+02,1
437,4.374459e+02,510,5.103996e+02,1
439,4.390723e+02,746,7.471604e+02,1
440,4.404880e+02,457,4.578220e+02,1
441,4.419338e+02,694,6.945088e+02,1
443,4.436372e+02,405,4.054908e+02,1
444,4.450184e+02,642,6.423957e+02,1
446,4.466269e+02,353,3.530316e+02,1
447,4.479832e+02,589,5.898485e+02,1
449,4.495880e+02,300,3.006008e+02,1
450,4.508635e+02,537,5.375342e+02,1
452,4.525586e+02,248,2.481895e+02,1
452,4.531319e+02,773,7.737081e+02,1
454,4.540702e+02,485,4.849681e+02,1
455,4.557282e+02,721,7.217084e+02,1
457,4.572339e+02,432,4.325361e+02,1
458,4.585798e+02,669,6.692344e+02,1
460,4.602517e+02,380,3.801675e+02,1
461,4.613982e+02,616,6.170587e+02,1
463,4.632909e+02,327,3.277092e+02,1
464,4.644403e+02,564,5.644913e+02,1
466,4.661454e+02,275,2.753613e+02,1
466,4.666683e+02,800,8.010287e+02,1
467,4.675539e+02,512,5.120879e+02,1
469,4.696006e+02,222,2.224292e+02,1
469,4.694660e+02,748,7.485774e+02,1
470,4.706280e+02,459,4.595552e+02,1
472,4.722539e+02,696,6.962235e+02,1
473,4.736808e+02,407,4.071978e+02,1
475,4.746791e+02,643,6.438183e+02,1
476,4.767617e+02,354,3.547249e+02,1
477,4.779950e+02,591,5.916242e+02,1
479,4.797342e+02,302,3.021669e+02,1
481,4.810624e+02,539,5.390287e+02,1
482,4.826323e+02,249,2.493912e+02,1
483,4.831760e+02,775,7.752720e+02,1
484,4.841424e+02,486,4.866088e+02,1
485,4.857854e+02,723,7.233433e+02,1
487,4.872459e+02,434,4.341848e+02,1
488,4.887105e+02,670,6.711748e+02,1
490,4.903939e+02,381,3.817542e+02,1
491,4.915806e+02,618,6.185276e+02,1
493,4.933515e+02,329,3.293434e+02,1
494,4.945689e+02,566,5.661408e+02,1
496,4.966015e+02,276,2.765060e+02,1
496,4.968847e+02,802,8.021869e+02,1
497,4.976006e+02,513,5.136484e+02,1
499,4.994883e+02,224,2.243754e+02,1
499,4.999533e+02,750,7.502564e+02,1
500,5.007255e+02,461,4.612219e+02,1
502,5.022048e+02,697,6.978905e+02,1
503,5.039031e+02,408,4.087188e+02,1
505,5.051414e+02,645,6.454225e+02,1
506,5.067654e+02,356,3.562757e+02,1
508,5.081636e+02,593,5.930473e+02,1
509,5.103225e+02,304,3.038142e+02,1
511,5.110987e+02,540,5.406699e+02,1
512,5.130043e+02,251,2.513002e+02,1
513,5.135595e+02,777,7.769420e+02,1
514,5.141897e+02,488,4.882297e+02,1
516,5.160787e+02,724,7.247325e+02,1
517,5.174182e+02,435,4.357770e+02,1
518,5.188594e+02,672,6.723873e+02,1
520,5.204457e+02,383,3.833391e+02,1
521,5.217969e+02,620,6.201430e+02,1
523,5.235659e+02,330,3.305925e+02,1
524,5.246691e+02,567,5.676937e+02,1
526,5.265938e+02,278,2.784214e+02,1
527,5.276859e+02,515,5.152164e+02,1
529,5.292855e+02,226,2.260364e+02,1
529,5.302283e+02,751,7.515220e+02,1
530,5.308301e+02,462,4.627061e+02,1
532,5.326180e+02,699,6.994989e+02,1
533,5.339053e+02,410,4.104090e+02,1
535,5.353862e+02,647,6.470030e+02,1
537,5.368470e+02,358,3.581490e+02,1
538,5.381990e+02,594,5.946634e+02,1
540,5.403619e+02,305,3.055965e+02,1
541,5.412012e+02,542,5.422433e+02,1
542,5.431580e+02,253,2.533836e+02,1
543,5.437440e+02,778,7.788674e+02,1
544,5.443209e+02,489,4.897715e+02,1
546,5.464696e+02,726,7.262898e+02,1
547,5.474231e+02,437,4.373446e+02,1
549,5.486035e+02,673,6.741923e+02,1
550,5.504999e+02,384,3.847734e+02,1
551,5.519764e+02,621,6.216101e+02,1
553,5.537077e+02,332,3.324247e+02,1
554,5.547287e+02,569,5.692308e+02,1
556,5.564798e+02,280,2.800161e+02,1
557,5.577759e+02,516,5.168331e+02,1
559,5.595500e+02,227,2.276641e+02,1
560,5.609820e+02,464,4.643280e+02,1
560,5.601978e+02,753,7.531763e+02,1
562,5.632654e+02,700,7.012432e+02,1
564,5.639129e+02,412,4.120924e+02,1
565,5.654890e+02,648,6.486213e+02,1
567,5.672851e+02,359,3.595178e+02,1
568,5.683587e+02,596,5.961827e+02,1
570,5.701534e+02,307,3.072099e+02,1
571,5.712442e+02,543,5.437971e+02,1
573,5.732848e+02,254,2.547615e+02,1
573,5.737733e+02,780,7.801129e+02,1
574,5.743588e+02,491,4.913508e+02,1
576,5.763986e+02,727,7.281074e+02,1
577,5.775343e+02,438,4.389639e+02,1
579,5.791671e+02,675,6.755291e+02,1
580,5.807092e+02,386,3.864108e+02,1
581,5.821081e+02,623,6.231900e+02,1
583,5.836894e+02,334,3.341177e+02,1
584,5.849842e+02,570,5.709202e+02,1
586,5.867430e+02,281,2.817780e+02,1
587,5.879227e+02,518,5.182230e+02,1
589,5.896484e+02,229,2.290370e+02,1
590,5.912084e+02,465,4.658692e+02,1
590,5.903380e+02,754,7.548175e+02,1
592,5.931329e+02,702,7.027017e+02,1
594,5.941737e+02,413,4.135496e+02,1
595,5.956320e+02,650,6.499763e+02,1
597,5.971714e+02,361,3.611536e+02,1
598,5.984061e+02,597,5.977748e+02,1
600,6.004269e+02,308,3.087282e+02,1
601,6.013878e+02,545,5.453296e+02,1
603,6.033356e+02,256,2.563488e+02,1
604,6.045958e+02,492,4.929494e+02,1
604,6.041380e+02,781,7.817850e+02,1
606,6.069628e+02,729,7.292127e+02,1
607,6.076424e+02,440,4.404568e+02,1
609,6.093982e+02,677,6.770940e+02,1
610,6.108930e+02,388,3.880427e+02,1
612,6.120338e+02,624,6.245704e+02,1
613,6.140872e+02,335,3.358600e+02,1
614,6.149385e+02,572,5.721668e+02,1
616,6.167627e+02,283,2.830485e+02,1
617,6.180142e+02,519,5.198432e+02,1
620,6.205898e+02,756,7.563917e+02,1
621,6.211188e+02,467,4.676146e+02,1
623,6.230960e+02,703,7.041075e+02,1
624,6.241434e+02,415,4.151950e+02,1
625,6.257971e+02,651,6.515861e+02,1
627,6.275336e+02,362,3.627437e+02,1
628,6.286403e+02,599,5.991901e+02,1
630,6.305195e+02,310,3.102501e+02,1
631,6.316233e+02,546,5.468342e+02,1
633,6.338478e+02,257,2.575237e+02,1
634,6.346288e+02,494,4.944571e+02,1
636,6.374820e+02,730,7.304732e+02,1
637,6.377983e+02,442,4.418760e+02,1
639,6.396282e+02,678,6.785428e+02,1
640,6.412313e+02,389,3.896442e+02,1
642,6.422273e+02,626,6.261441e+02,1
644,6.440923e+02,337,3.376081e+02,1
645,6.452121e+02,573,5.738953e+02,1
647,6.468865e+02,285,2.853783e+02,1
648,6.481830e+02,521,5.215517e+02,1
650,6.512787e+02,757,7.586385e+02,1
651,6.511518e+02,469,4.692083e+02,1
653,6.533911e+02,705,7.054146e+02,1
654,6.545348e+02,416,4.166999e+02,1
655,6.559939e+02,653,6.526250e+02,1
657,6.575414e+02,364,3.642545e+02,1
658,6.589242e+02,600,6.006736e+02,1
660,6.607612e+02,311,3.115762e+02,1
661,6.617331e+02,548,5.483857e+02,1
664,6.646243e+02,496,4.958106e+02,1
667,6.679929e+02,443,4.435707e+02,1
667,6.671737e+02,732,7.323734e+02,1
669,6.697082e+02,680,6.800780e+02,1
671,6.711799e+02,391,3.916021e+02,1
672,6.725244e+02,627,6.277382e+02,1
674,6.740427e+02,339,3.392478e+02,1
675,6.753311e+02,575,5.753576e+02,1
677,6.774894e+02,286,2.865734e+02,1
678,6.782158e+02,523,5.231067e+02,1
681,6.814229e+02,470,4.706740e+02,1
683,6.832346e+02,706,7.073919e+02,1
684,6.845160e+02,418,4.183276e+02,1
686,6.861107e+02,654,6.546745e+02,1
687,6.876840e+02,366,3.655910e+02,1
688,6.892421e+02,602,6.021164e+02,1
690,6.911840e+02,313,3.134242e+02,1
691,6.923330e+02,549,5.505897e+02,1
694,6.949550e+02,497,4.977415e+02,1
697,6.974836e+02,733,7.338964e+02,1
698,6.982007e+02,445,4.455060e+02,1
699,7.004467e+02,681,6.817443e+02,1
701,7.011299e+02,393,3.932200e+02,1
702,7.025693e+02,629,6.290935e+02,1
704,7.045075e+02,340,3.406091e+02,1
705,7.053191e+02,576,5.771816e+02,1
708,7.084688e+02,524,5.246770e+02,1
711,7.115512e+02,472,4.723579e+02,1
713,7.138401e+02,708,7.082598e+02,1
714,7.144702e+02,420,4.197349e+02,1
716,7.163959e+02,656,6.561874e+02,1
717,7.179592e+02,367,3.674654e+02,1
719,7.191071e+02,603,6.037020e+02,1
721,7.212500e+02,315,3.155492e+02,1
722,7.221265e+02,551,5.515263e+02,1
725,7.251605e+02,499,4.993638e+02,1
728,7.281438e+02,447,4.471561e+02,1
730,7.302676e+02,682,6.835949e+02,1
731,7.314547e+02,394,3.946958e+02,1
732,7.328878e+02,630,6.312245e+02,1
734,7.345082e+02,342,3.423952e+02,1
735,7.358081e+02,578,5.784438e+02,1
738,7.387902e+02,526,5.262182e+02,1
741,7.415668e+02,474,4.739189e+02,1
744,7.448746e+02,421,4.219418e+02,1
746,7.468182e+02,657,6.576479e+02,1
748,7.482619e+02,369,3.695037e+02,1
749,7.493657e+02,605,6.054335e+02,1
752,7.522295e+02,553,5.532297e+02,1
755,7.553049e+02,500,5.014138e+02,1
758,7.584464e+02,448,4.488563e+02,1
761,7.617036e+02,396,3.964909e+02,1
763,7.632550e+02,632,6.324551e+02,1
765,7.662135e+02,580,5.794324e+02,1
768,7.701728e+02,527,5.283575e+02,1
772,7.720713e+02,475,4.756681e+02,1
775,7.752154e+02,423,4.234997e+02,1
779,7.794961e+02,607,6.070439e+02,1
782,7.827962e+02,554,5.554339e+02,1
785,7.857036e+02,502,5.028746e+02,1
788,7.889185e+02,450,4.504401e+02,1
799,7.991906e+02,529,5.297091e+02,1
802,8.023018e+02,477,4.775085e+02,1
